TYLER HACKEL
JOSEPH PAWLOWSKI

1)			TAG					OFFSET			INDEX
			---------------------------		--			---	

2) 

NUM	HEX		TAG		    			OFFSET	 		INDEX	
1	006D265		0000 0000 0000 0110 1101 0010 011	0 0			101
2	006D218		0000 0000 0000 0110 1101 0010 000	1 1			000
3	02E0207		0000 0000 0010 1110 0000 0010 000	0 0			111
4	0088509		0000 0000 0000 1000 1000 0101 000	0 1			001
5	02DBFC2		0000 0000 0010 1101 1011 1111 110	0 0			010
6	00C703D		0000 0000 0000 1100 0111 0000 001	1 1			101
7	0105B76		0000 0000 0001 0000 0101 1011 011	1 0			110
8	01636AC		0000 0000 0001 0110 0011 0110 101	0 1			100
9	01301B5		0000 0000 0001 0011 0000 0001 101	1 0			101
10	019A1C9		0000 0000 0001 1001 1010 0001 110	0 1			001
11	01C1D00		0000 0000 0001 1100 0001 1101 000	0 0			000
12	0200824		0000 0000 0010 0000 0000 1000 001	0 0			100
13	023F372		0000 0000 0010 0011 1111 0011 011	1 0			010
14	029D44B		0000 0000 0010 1001 1101 0100 010	0 1			011
15	02CDF6E		0000 0000 0010 1100 1101 1111 011	0 1			110
16	018314B		0000 0000 0001 1000 0011 0001 010	0 1			011
17	01300C9		0000 0000 0001 0011 0000 0000 110	0 1			001
18	04DDF6E		0000 0000 0100 1101 1101 1111 011	0 1			110
19	0183110		0000 0000 0001 1000 0011 0001 000	1 0			000
20	018311E		0000 0000 0001 1000 0011 0001 000	1 1			110
21	04DDFF8		0000 0000 0100 1101 1101 1111 111	1 1			000

REMAINING
01C1D00
0183110
04DDFF8
01300C9
02DBFC2
023F372
018314B
0200824
01636AC
006D265
01301B5
00C703D
04DDF6E
018311E
02E0207

